name: blast
channels:
  - defaults
  - conda-forge
  - bioconda
dependencies:
  - _libgcc_mutex=0.1=conda_forge
  - _openmp_mutex=4.5=2_gnu
  - blast=2.10.1=pl526he19e7b1_3
  - bzip2=1.0.8=h7f98852_4
  - c-ares=1.18.1=h7f98852_0
  - ca-certificates=2022.12.7=ha878542_0
  - curl=7.87.0=hdc1c0ab_0
  - entrez-direct=16.2=he881be0_1
  - gettext=0.21.1=h27087fc_0
  - keyutils=1.6.1=h166bdaf_0
  - krb5=1.20.1=h81ceb04_0
  - libcurl=7.87.0=hdc1c0ab_0
  - libedit=3.1.20191231=he28a2e2_2
  - libev=4.33=h516909a_1
  - libgcc-ng=12.2.0=h65d4601_19
  - libgomp=12.2.0=h65d4601_19
  - libidn2=2.3.4=h166bdaf_0
  - libnghttp2=1.51.0=hff17c54_0
  - libssh2=1.10.0=hf14f497_3
  - libstdcxx-ng=12.2.0=h46fd767_19
  - libunistring=0.9.10=h7f98852_0
  - libzlib=1.2.13=h166bdaf_4
  - ncbi-datasets-cli=14.13.0=ha770c72_0
  - ncurses=6.3=h27087fc_1
  - openssl=3.0.8=h0b41bf4_0
  - pcre=8.45=h9c3ff4c_0
  - perl=5.26.2=h36c2ea0_1008
  - perl-archive-tar=2.32=pl526_0
  - perl-carp=1.38=pl526_3
  - perl-common-sense=3.74=pl526_2
  - perl-compress-raw-bzip2=2.087=pl526he1b5a44_0
  - perl-compress-raw-zlib=2.087=pl526hc9558a2_0
  - perl-exporter=5.72=pl526_1
  - perl-exporter-tiny=1.002001=pl526_0
  - perl-extutils-makemaker=7.36=pl526_1
  - perl-io-compress=2.087=pl526he1b5a44_0
  - perl-io-zlib=1.10=pl526_2
  - perl-json=4.02=pl526_0
  - perl-json-xs=2.34=pl526h6bb024c_3
  - perl-list-moreutils=0.428=pl526_1
  - perl-list-moreutils-xs=0.428=pl526_0
  - perl-pathtools=3.75=pl526h14c3975_1
  - perl-scalar-list-utils=1.52=pl526h516909a_0
  - perl-types-serialiser=1.0=pl526_2
  - perl-xsloader=0.24=pl526_0
  - tk=8.6.12=h27826a3_0
  - wget=1.20.3=ha35d2d1_1
  - zlib=1.2.13=h166bdaf_4
